0,404
0,403
0,402
0,401
0,400
0,399
30,3
30,2
0,398
30,1
30,0
0,397
0,396
29,3
29,2
29,1
29,0
0,395
0,394
0,393
0,392
0,391
0,390
0,389
28,3
28,2
28,1
28,0
27,3
27,2
0,388
27,1
27,0
0,387
0,386
0,385
0,384
0,319
0,318
0,317
0,316
0,283
26,3
26,2
26,1
26,0
25,3
25,2
25,1
25,0
24,3
24,2
0,9
24,1
24,0
23,52
23,51
23,50
23,49
23,48
23,47
23,46
23,45
23,44
23,43
23,42
23,41
23,40
23,39
23,38
23,37
23,36
17,2
17,1
17,3
15,2
15,1
15,3
16,2
16,1
16,3
13,2
14,2
4,17
4,26
4,16
4,4
4,25
4,28
4,30
4,89
4,75
4,5
4,1
4,81
4,2
4,3
6,4
6,8
6,1
6,6
6,2
6,3
7,8
7,10
7,7
7,4
7,5
7,9
7,1
7,13
7,2
7,3
5,4
5,2
5,1
5,3
23,35
3,2
10,78
10,130
10,150
10,72
10,2
10,3
11,14
11,5
11,15
11,2
11,3
9,4
9,6
9,2
9,3
8,10
8,7
8,2
8,3
